0 0.109167 0.207143 0.031667 0.147619
1 0.169167 0.204762 0.031667 0.142857
2 0.236667 0.202381 0.040000 0.147619
3 0.304167 0.209524 0.041667 0.142857
4 0.369167 0.207143 0.025000 0.147619
5 0.436667 0.211905 0.036667 0.147619
6 0.500000 0.202381 0.030000 0.147619
7 0.564167 0.207143 0.038333 0.157143
8 0.631667 0.207143 0.036667 0.138095
9 0.691667 0.183333 0.033333 0.128571
10 0.826667 0.207143 0.033333 0.147619
11 0.891667 0.216667 0.033333 0.157143
12 0.956667 0.209524 0.033333 0.152381
13 0.044167 0.507143 0.035000 0.147619
14 0.106667 0.473810 0.026667 0.119048
15 0.174167 0.502381 0.031667 0.147619
16 0.239167 0.514286 0.038333 0.152381
17 0.301667 0.514286 0.030000 0.161905
18 0.371667 0.511905 0.033333 0.157143
19 0.431667 0.485714 0.036667 0.171429
20 0.499167 0.514286 0.038333 0.152381
21 0.564167 0.509524 0.038333 0.152381
22 0.631667 0.509524 0.033333 0.152381
23 0.697500 0.478571 0.035000 0.128571
24 0.761667 0.483333 0.026667 0.128571
25 0.826667 0.511905 0.036667 0.147619
26 0.891667 0.507143 0.036667 0.147619
27 0.959167 0.514286 0.031667 0.171429
28 0.041667 0.773810 0.033333 0.147619
29 0.107500 0.807143 0.035000 0.157143
30 0.171667 0.771429 0.033333 0.171429
31 0.236667 0.771429 0.036667 0.142857
32 0.304167 0.771429 0.041667 0.171429
33 0.369167 0.790476 0.035000 0.171429
34 0.434167 0.773810 0.035000 0.147619
35 0.499167 0.773810 0.038333 0.157143
